0.009
0.036
0.005
6.448
0.079
0.014
0.0
0.722
0.015
0.892
0.989
0.043
0.712
0.73
0.681
0.089
0.37
0.025
0.013
0.63
0.106
0.532
0.012
0.014
0.018
0.01
0.019
0.023
0.023
0.017
0.01
0.44
0.485
1.613
0.521
1.068
1.225
0.014
0.014
0.028
0.01
0.655
0.012
1.173
0.011
0.756
0.01
0.013
0.0
0.009
0.443
0.01
0.01
0.02
0.105
0.068
0.015
0.663
0.651
3.679
0.022
0.04
0.019
0.018
3.083
0.088
0.275
0.016
0.018
0.238
0.012
0.103
1.1
0.267
0.003
0.003
0.244
0.005
0.135
0.06
1.012
0.601
0.095
0.003
0.195
0.164
0.013
0.03
0.014
0.014
0.01
0.011
0.196
0.032
0.274
0.008
0.268
0.212
0.263
0.327
0.362
0.009
0.256
0.218
0.219
0.021
0.32
0.012
0.319
1.913
0.052
0.065
0.368
0.373
0.384
1.171
1.12
0.476
0.151
0.087
0.352
0.895
0.867
0.833
0.657
0.46
0.395
0.236
0.12
0.041
0.005
0.0
0.0
0.004
0.256
0.02
0.0
0.047
0.007
0.006
0.009
0.014
0.037
0.057
0.004
0.008
0.038
0.008
0.073
0.006
0.133
0.055
0.145
0.133
0.08
0.057
0.006
0.001
0.001
0.002
0.002
0.0
0.004
0.001
0.002
0.011
0.007
0.001
0.0
0.006
0.022
0.016
0.002
0.002
0.023
0.0
0.001
0.0
0.0
0.002
0.0
0.004
0.002
0.001
0.008
0.009
0.005
0.001
0.006
0.005
0.003
0.006
0.005
0.0
0.0
0.0
0.0
0.0
0.0
0.0
0.0
0.0
0.0
0.0
0.0
0.001
0.001
0.0
0.0
0.0
0.0
0.0
0.001
0.0
0.0
0.001
0.0
0.0
0.0
0.0
0.0
0.0
0.0
0.0
0.0
0.0
0.0
0.0
0.0
0.0
0.0
0.0
0.0
0.0
0.002
0.0
0.0
0.0
0.0
0.002
0.015
0.001
0.0
0.013
0.002
0.005
0.008
0.0
0.0
0.0
0.0
0.0
0.0
0.0
0.001
0.0
0.004
0.0
0.0
0.001
0.0
