102.749
77.804
68.747
64.376
63.278
48.797
14.039
61.364
20.682
3.001
5.147
3.669
4.425
4.626
0.018
3.875
3.591
6.473
0.207
5.803
9.197
1.392
4.989
7.306
0.017
7.92
5.629
9.79
40.234
6.23
41.444
39.357
38.103
0.009
0.261
1.964
0.279
6.401
5.505
0.01
9.04
8.454
0.399
1.097
1.189
4.289
8.669
3.061
11.315
27.638
0.008
0.508
8.712
0.532
0.357
0.025
0.342
0.716
0.663
10.567
0.122
0.0
0.271
0.733
18.872
16.629
2.318
4.961
1.259
3.256
0.364
2.433
0.122
0.106
5.453
5.169
1.452
1.913
13.937
13.716
0.113
0.161
4.518
8.64
6.988
5.69
4.26
0.0
7.72
9.358
8.67
8.17
1.76
6.343
0.618
0.074
0.942
0.414
0.097
1.077
1.392
0.046
0.281
0.471
0.999
0.847
2.645
4.276
6.804
2.485
2.576
0.002
0.703
0.071
0.122
0.073
0.103
0.087
0.084
0.075
0.072
0.085
0.084
0.071
0.128
0.114
0.061
0.091
0.082
0.022
0.076
0.148
0.069
0.072
0.082
0.072
0.12
0.131
0.455
0.125
0.088
0.118
2.56
0.391
0.185
0.006
0.231
0.005
0.173
0.27
0.015
0.0
0.203
0.035
0.007
0.12
0.005
0.008
0.004
0.026
0.03
0.031
0.038
0.001
0.068
0.009
0.0
0.035
0.022
0.001
0.004
0.007
0.004
0.0
0.0
0.0
0.001
0.001
0.0
0.002
0.0
0.007
0.002
0.003
0.014
0.002
0.002
0.015
0.003
0.0
0.0
0.0
0.0
0.0
0.0
0.0
0.0
0.0
0.0
0.0
0.0
0.0
0.0
0.0
0.0
0.0
0.0
0.0
0.0
0.0
0.0
0.0
0.0
0.0
0.0
0.0
0.0
0.0
0.0
0.0
0.0
0.0
0.0
0.0
0.0
0.0
0.0
0.0
0.001
0.0
0.0
0.0
0.0
0.0
0.0
0.0
0.0
0.0
0.0
0.0
0.0
0.0
0.0
0.0
0.0
0.0
0.0
0.0
0.0
0.0
0.0
0.0
0.0
0.0
0.0
0.0
0.0
0.0
0.0
0.0
0.0
0.0
0.0
0.0
0.0
0.001
0.0
0.0
0.0
0.003
0.0
0.0
0.0
0.009
0.001
0.0
0.001
0.006
0.001
0.005
0.0
0.0
0.003
0.008
0.004
0.007
0.0
0.0
0.0
0.001
0.0
0.0
0.001
0.001
0.0
0.001
0.004
0.003
0.001
